      MDL_CABI = 2.277360D-01
      MDL_LAMBDAXSL1 = 1.000000D-03
      MDL_LAMBDAXSL2 = 1.000000D-03
      MDL_LAMBDAXSL3 = 1.000000D-03
      MDL_LAMBDAXSER1 = 1.000000D-03
      MDL_LAMBDAXSER2 = 1.000000D-03
      MDL_LAMBDAXSER3 = 1.000000D-03
      MDL_LAMBDAXSQ1 = 1.000000D-03
      MDL_LAMBDAXSQ2 = 1.000000D-03
      MDL_LAMBDAXSQ3 = 1.000000D-03
      MDL_LAMBDAXSUR1 = 1.000000D-03
      MDL_LAMBDAXSUR2 = 1.000000D-03
      MDL_LAMBDAXSUR3 = 1.000000D-03
      MDL_LAMBDAXSDR1 = 1.000000D-03
      MDL_LAMBDAXSDR2 = 1.000000D-03
      MDL_LAMBDAXSDR3 = 1.000000D-03
      AEWM1 = 1.279000D+02
      MDL_GF = 1.166370D-05
      AS = 1.184000D-01
      MDL_YMDO = 5.040000D-03
      MDL_YMUP = 2.550000D-03
      MDL_YMS = 1.010000D-01
      MDL_YMC = 1.270000D+00
      MDL_YMB = 4.700000D+00
      MDL_YMT = 1.720000D+02
      MDL_YME = 5.110000D-04
      MDL_YMM = 1.056600D-01
      MDL_YMTAU = 1.777000D+00
      MDL_MZ = 9.118760D+01
      MDL_ME = 5.110000D-04
      MDL_MMU = 1.056600D-01
      MDL_MTA = 1.777000D+00
      MDL_MU = 2.550000D-03
      MDL_MC = 1.270000D+00
      MDL_MT = 1.720000D+02
      MDL_MD = 5.040000D-03
      MDL_MS = 1.010000D-01
      MDL_MB = 4.700000D+00
      MDL_MH = 1.250000D+02
      MDL_MXSNU = 5.000000D+04
      MDL_MXSEL = 5.000000D+04
      MDL_MXSER = 5.000000D+04
      MDL_MXSUL = 5.000000D+04
      MDL_MXSDL = 5.000000D+04
      MDL_MXSUR = 5.000000D+04
      MDL_MXSDR = 5.000000D+04
      MDL_MNF = 1.000000D+01
      MDL_MNEUT = 1.000000D+00
      MDL_WZ = 2.495200D+00
      MDL_WW = 2.085000D+00
      MDL_WT = 1.508336D+00
      MDL_WH = 4.070000D-03
      MDL_WXSNU = 1.000000D+00
      MDL_WXSEL = 1.000000D+00
      MDL_WXSER = 1.000000D+00
      MDL_WXSUL = 1.000000D+00
      MDL_WXSDL = 1.000000D+00
      MDL_WXSUR = 1.000000D+00
      MDL_WXSDR = 1.000000D+00
      MDL_WNF = 1.000000D+00
      MDL_WNEUT = 1.000000D+00
